3,2
3,1
3,3
10,267
10,29
10,91
10,229
10,203
10,237
10,199
10,2
10,3
11,19
11,12
11,5
11,4
11,29
11,22
11,2
11,3
9,7
9,5
9,2
9,3
8,5
8,15
8,16
8,8
8,9
8,2
8,3
49,4
49,3
49,2
49,1
49,0
47,3
47,2
47,1
46,3
46,1
45,3
45,1
20,3
20,2
20,1
19,3
19,2
19,1
12,3
12,2
12,1
11,28
11,27
11,24
11,20
11,16
11,15
11,14
11,1
18,1
11,10
18,3
10,290
14,1
10,244
14,3
13,1
10,200
13,3
10,170
10,150
10,144
10,134
10,1
10,8
9,6
9,1
9,4
8,14
2,2
2,1
8,11
8,1
2,3
8,6
0,497
0,496
0,495
0,494
0,493
0,492
0,491
0,490
0,489
0,488
0,487
0,486
